64
87020,20901
481
9274
49532
370,6722,398
17625
3518,16468,488
91356
4575,817
4575,50786
582,2177
7323
723
17249
329,20531,388
329,2987
10924
33871
6438
1494
1334
543
60301
33222
309,1394,1133
309,307
77405
1545,267
276
438
57824
3852
73254
680,1415
680,31227
97755
99567
71216
2227
1138,83
472
16641
19135
300
29612
1091,291
266
266,8801,8182
22612
54203
1617,3993
8039,582,1385
14075
675,1285
710,91269
1394,1604,300
1445
6884
22298
13616,9151
13616,3497,14589
65,71805
65,589
1395
1395,6605
17937
68760
1395,59051
17106,373
28753
17106,18238
82850
15145
65,16133
52253,359
30998,485
35214
9978,32077
65,1994,589
9620,49198
58234
42967
16548
32096
65,3023,13603
1347,582
9137
37757
21152,44661
21152,16490
1347,292
6796,398
1347,28143,288
65,6478
65561
37161
43104
65,1103,4910
27243
8248
20369,287
1729
44982
6142
4919
4919,85,2315
7063,385
62308
52911
1189,3431
35296
93419
19740,4633
1799,5424
62790
2071
1557,21854
27417
331,9627
331,40458
66,52384
44398,2987
44398,372,1333
44398,355
21974
54761,799
9326,424,261
5669
33678,5022
566,785
566,361
68512
48439
2063
5807,1636
24126
6263,1748
444,7114,287
93540,45284
49157
67776,18543
778,2954
74525
20523,291
66,22983
29177
92062
1868
1868,10431
23045,698
12120
7868
745,291
82793
29942,291
62238
66,3149
2407,33279
2407,1245
2407,83,1771
67
67,73291
15770,1091
67,32842
23449
1316
14097
34854
34854,6147
451,277
97362,76196
42127
9783,8630
84031
5294,1142
451,501,5620
451,10872,1113
451,10872,1113,398
15886,291
5919,495,683
14927
8747,50915
23770
97849
67,1142
13223
67,12828,478
67,5859
4338,34002
4338,7601
17242,6417,2617
70969
4338,63599
4338,67,2692
4338,8890,4147
5610
67,1056,47365
67,80382
614,531
73014
5717,10027
15357
10655
15357,798
2996
3055,5797
35031,3640
81949
7788,77
69334
67,4361
11513,7069
67,392,11687
9739
47714
68,84597
46122
68,71171
27153
81524
6581,19491
68632,62655
68,59902
1531
9034,21590,291
336,716,1105
16247
408
408,1752
268,4215
268,4238,53061
268,1409
729,7623
26378,750
26378,16348,488
13295
34500,291
3068,287
17206
3163
2099
2099,70529
30115
11945
40541,817
40541,985
327,13539
7475
327,33524
327,9383,275,989
428,1509,367
24396,287
19494
1216,3141,1849
58331
1594
34210
69,14589
16479
42000
75710
3934
69,41505
69,309,4618
69,8958,481
69,349
1897,1894
1897,295
67643
69,5412
66922
71830
71830,261
12085,488
3990
3983
6410
6410,1303
19824
90906,16271
1517,269,307
89770
19070
19070,291
69,2159
5447,9710
2000
25229
42596
1348,2025
1348,29412
630
10365
55857
69,11975,291
15456
15456,811
43302
34298,1392
6906
24651
69,70941
10931
1527
9054
1285,60244
84001,654,291
27297
12440,1974,291
12440,8329
70,525
4469,532
4469,9334
456
70,100242
52198,22464
52198,22464,82
47530
43068
6200,4979
70,4763,79,325
6200,269,1142
6200,683
3427
9738
19045
6902,1870
33050,728,263
47991
47991,2136
70,4361
911,58863
911,485,645
70,897,287
70,25156
32345
51729
38106
43341
10888
89112
89112,638
71,680,6901
19221
19221,398
4752
19553
72012
69666
383
2025
87160
55603
2627
1964
6881
1964,91299
1964,1800
71,388,491
17082,31767
8727
40617
40617,726
47225
26301
19375
5227
82649,414
5812,291
3875,434
10847
25704
7830
5269
28400,21020
57932
13092,7198
72
42877
307,2785
333
318,44287
258
2910,1137
485,18780
483,85,15729
483,85,35768
258,12287,1260
1354,37864
6442,7956,3210
258,1257,535
88657
18614
2534,292
2534,88
404,265,33194
404,7430,511,481
285
275
1220
275,726
28233
73,569,6729,486
3841,30543,88
73,1009
4345
13397
15674
74,69819
74,943
33134
75,3864
75,1334
49441
4354
68676
75,1683
4355,7595
4355,7595,291
21307
2742
56371
273,589,727
839
273,33237
75,1438
75,306
1169
14789
36069
36069,291
4238
80598
4908
44336
8128
2785,12616
75,3153
32735
56492
25859
4930
4930,291
7349
7349,291
20986
1497
9563
75,283,983,287
385,16637
75,10279
75,1538
75,359,76269
63959,3431
28010
1543
26174
26337
42551,301
5730,901
70582
18864
2727
4503,4309,488
37691
61031
4150
46068
59413,12267
6095
20531,32786
1869
2658,478
2658,41339
29699
29359
21047,68
1677,1143,278
68369
57902,21301,398
6518
3646
76,3514
76,3514,291
76,26169,1815
95918
21620
76,5544
59178
27364,3523
76,53470,324
38827,19153
25849
2465
2465,726
76,97499
3458,535
52759
77,22928
77,651,788,2136
60668
37593
3684
2201
6836
1962
10179
3409
24217,3258
77,32800,82
78,587
677,275,3620
1735
19761
14310,8293
14898,398
1073
61917
2319
820
263
13486
606
3323
10138
2569
269
1605
412
45230
13825
2017
785
35778
34717
79,31329
34717,261
34717,287
79,1604
79,5962
79,7828
7581
7581,839
857,6427
79,46396,481
62743,20262
4581
6519,287
53520
53520,2053
16455
716,1512,1260
64185
66372
32390,84,300,3210
27581
76503
23164
79,1572
64349
2050
37469
21435
79,20174
2837
5481,4147
5481,269
96741
8478
95400
29844,287
1911,288
1762,267,307,343,7709
34055
6692
652,579
652,2191
35686
782,8017,287
66886
22579,7713
782,1985
35563
898
26047,94009
52833,398
9254,291
631
83465
10692
28863,398
84270
3022
30193
93613
11719
74303
265
8110
54760
265,1636
20489
265,395,5890
1116,2258
78098
1610,76430
3833,8046
1864,2692
1864,17003
23523,24918
265,65977
53859
265,23452
2762,291
17775
13035
4014
14172
12938,5721
1907,292,13850
77467,26919
23576,2788
6786
3039
9949
25888
5544
13233
6236
81,15950
82
84359
25030
82,52370
82,27089
82,675
37890
82,17718
98036
2445,1540
4151
325,16809
29412
726
6820
82,19245
25526
751
325,85,417
11814
87154
19549
32158
8846
5562
5562,388
3528
3528,291
3528,88
67139,20752
7908
69758
83014
65387
23796,783
82,6517,7174
15124,2603
11536
15698
82,3328
82,29163
4991,3068
30554
3306,492
36311,398
9181
3647,458
3647,8138
708
39298,580
15031
2203,19995
1508,13327
34474,1802
9727,7607
2203,635
38576
31234
90849
2752
10276
60021
44466
13787,291
52784
90963
496,723,2785
78726
496,2101
267,21621
4620,478
4620,398
496,3023
496,3023,82
496,1983
60119
58404
2008,77057
2008,60159
21470
82,44806
82,2084,291
82,8734
40619,22464
40619,22464,83
40619,32735
19643,267
40846
20370,9868
20370,45091
95928,398
95928,2136
2332,6427
83
2048
83261
82694
668,1590
73237,1385
4307,287
48921
466,42283
69769,2492
54895
9210
1820
50828
49818
3473
19041
19041,1348
20670
64771
1626
58174
27963
576
339,2544
54719
4636
61665
28956
30002
339,4361
20322
7265,287
339,24510
339,86,826
83,484
1712
20693,269,7162
1303,68
46554
83,2757
998
83,820
59029
92745
37227
91453
83,34170
15417
37171
1485,53314
49610,839
91512
2248
3688
376,5908
376,1142
376,89105
83,51725
42286
359,4711,481
8154
8154,6789
54959
359,81324
455
59723
455,31234
2656
44066
970
959,77,11218
85,2315
588
588,1354
899,85,7870,268
1055,295,1122
65932
1225
85,858,269
64438
85,485,10297
48481,84,22828
85,9265
85,2328
10063
16836
53757
87692
16514
13284
58365
3195
906
72867
82089
35184
9336
42700
52898
12840
9493
1336,31845
2940
8370
3556
5902
14965
67733
1336,316
35734
9328
44715,363
48841
86,2910,287
5624
4291
30096
22803
65762
55767
86,14518
86,14518,291
1178
1816
41450
41450,77
3236
42820
28969
9891
47492
9514
9514,65167
22479
